#      R   Electrpneg.  polarizabili       vdWaals
    1.00      0.228710      1.048451      0.264253
    1.02      0.253444      1.104350      0.289881
    1.04      0.279744      1.154425      0.316602
    1.06      0.307595      1.197785      0.344354
    1.08      0.336973      1.233698      0.373080
    1.10      0.367844      1.261626      0.402726
    1.12      0.400161      1.281247      0.433249
    1.14      0.433869      1.292468      0.464610
    1.16      0.468903      1.295433      0.496781
    1.18      0.505188      1.290514      0.529745
    1.20      0.542640      1.278298      0.563490
    1.22      0.581169      1.259561      0.598012
    1.24      0.620677      1.235237      0.633310
    1.27      0.661063      1.206379      0.669385
    1.29      0.702220      1.174115      0.706234
    1.31      0.744038      1.139603      0.743848
    1.33      0.786402      1.103992      0.782208
    1.35      0.829197      1.068372      0.821277
    1.37      0.872297      1.033745      0.860998
    1.39      0.915574      1.000987      0.901291
    1.41      0.958887      0.970828      0.942047
    1.43      1.002084      0.943838      0.983121
    1.45      1.044994      0.920412      1.024338
    1.47      1.087426      0.900776      1.065482
    1.49      1.129162      0.884991      1.106299
    1.51      1.169955      0.872966      1.146498
    1.53      1.209526      0.864474      1.185751
    1.55      1.247561      0.859179      1.223694
    1.57      1.283710      0.856652      1.259936
    1.59      1.317592      0.856398      1.294058
    1.61      1.348796      0.857881      1.325626
    1.63      1.376889      0.860543      1.354195
    1.65      1.401422      0.863824      1.379320
    1.67      1.421942      0.867180      1.400564
    1.69      1.438008      0.870096      1.417511
    1.71      1.449198      0.872095      1.429774
    1.73      1.455129      0.872748      1.437008
    1.76      1.455468      0.871678      1.438917
    1.78      1.449949      0.868560      1.435269
    1.80      1.438383      0.863129      1.425897
    1.82      1.420674      0.855171      1.410715
    1.84      1.396819      0.844531      1.389716
    1.86      1.366922      0.831106      1.362978
    1.88      1.331188      0.814849      1.330668
    1.90      1.289930      0.795763      1.293038
    1.92      1.243554      0.773902      1.250425
    1.94      1.192561      0.749371      1.203242
    1.96      1.137526      0.722321      1.151976
    1.98      1.079091      0.692950      1.097173
    2.00      1.017945      0.661499      1.039429
