 # Derivative distribution function -dV(r)/dr (or -dV(d)/dd) vs d
  0.125490203       1.99218738    
  0.376470625      -0.00000000    
  0.627451062      -0.00000000    
  0.878431439      -0.00000000    
   1.12941182      -0.00000000    
   1.38039231      -0.00000000    
   1.63137269      -0.00000000    
   1.88235307      -0.00000000    
   2.13333344      -0.00000000    
   2.38431382      -0.00000000    
   2.63529420      -0.00000000    
   2.88627481      -0.00000000    
   3.13725519      -0.00000000    
   3.38823557      -0.00000000    
   3.63921595      -0.00000000    
   3.89019632      -0.00000000    
   4.14117670      -0.00000000    
   4.39215708      -0.00000000    
   4.64313745      -0.00000000    
   4.89411783      -0.00000000    
   5.14509821      -0.00000000    
   5.39607859      -0.00000000    
   5.64705896      -0.00000000    
   5.89803982      -0.00000000    
   6.14902020      -0.00000000    
   6.40000057      -0.00000000    
   6.65098095      -0.00000000    
   6.90196133      -0.00000000    
   7.15294170      -0.00000000    
   7.40392208      -0.00000000    
   7.65490246      -0.00000000    
   7.90588284      -0.00000000    
   8.15686321      -0.00000000    
   8.40784359      -0.00000000    
   8.65882397      -0.00000000    
   8.90980434      -0.00000000    
   9.16078472      -0.00000000    
   9.41176510      -0.00000000    
   9.66274548      -0.00000000    
   9.91372585      -0.00000000    
   10.1647062      -0.00000000    
   10.4156866      -0.00000000    
   10.6666670      -0.00000000    
   10.9176474      -0.00000000    
   11.1686277      -0.00000000    
   11.4196081      -0.00000000    
   11.6705885      -0.00000000    
   11.9215698      -0.00000000    
   12.1725502      -0.00000000    
