  rmin=    3.0000000000000000       rmax=    10.000000000000000       ngrid=           50  bfac=    1.0000000000000000     
    H     0.8627     0.3989     0.6471
   He    -0.3922     0.1225     0.8235
   Li     0.3843    14.5232     1.0706
   Be     0.6157     3.3398     0.9000
    B     0.8000     1.8142     1.1294
    C     1.0000     1.0000     1.0000
    N     1.1922     0.6549     0.9118
    O     1.3490     0.4690     0.8941
    F     1.5608     0.3310     0.8647
   Ne    -0.3922     0.2355     0.9059
   Na     0.3647    14.3982     1.3353
   Mg     0.5137     6.3009     1.0176
   Al     0.6314     5.1150     1.0824
   Si     0.7451     3.3009     1.2353
    P     0.8588     2.2124     1.0588
    S     1.0118     1.7168     1.0588
   Cl     1.2392     1.2920     1.0294
   Ar    -0.3922     0.9808     1.1059
    K     0.3216    25.6372     1.6176
   Ca     0.3922    14.2301     1.3588
   Sc     0.5333     8.5841     1.2647
   Ti     0.6039     8.8496     1.2412
    V     0.6392     7.6991     1.2176
   Cr     0.6510     7.3451     1.2118
   Mn     0.6078     6.0177     1.2059
   Fe     0.7176     5.4867     1.2000
   Co     0.7373     4.8673     1.1765
   Ni     0.7490     4.3363     1.1588
   Cu     0.7451     4.1150     1.1529
   Zn     0.6471     3.4221     1.1824
   Ga     0.7098     4.4248     1.1000
   Ge     0.7882     3.5398     1.2412
   As     0.8549     2.6549     1.0882
   Se     1.0000     2.5575     1.1176
   Br     1.1608     1.8584     1.0882
   Kr    -0.3922     1.4850     1.1882
   Rb     0.3216    28.3009     1.7824
   Sr     0.3725    17.4513     1.4647
    Y     0.4784    14.3363     1.3647
   Zr     0.5216     9.9115     1.3118
   Nb     0.6275     8.6726     1.2824
   Mo     0.8471     7.6991     1.2765
   Tc     0.8235     6.9912     1.2706
   Ru     0.8627     6.3717     1.2529
   Rh     0.8941     5.8407     1.2353
   Pd     0.8627     2.3133     1.2353
   Ag     0.7569     4.8673     1.2412
   Cd     0.6627     4.0708     1.2824
   In     0.6980     5.7522     1.1353
   Sn     0.7686     4.6903     1.2765
   Sb     0.8039     3.8053     1.2118
   Te     0.8235     3.3628     1.2118
    I     1.0431     2.9115     1.1647
   Xe     1.0196     2.4177     1.2706
   Cs     0.3098    35.4779     2.0176
   Ba     0.3490    24.0708     1.5765
   La     0.4314    19.0265     1.4294
   Ce     0.4392    18.1416     1.4235
   Pr     0.4431    19.1150     1.4118
   Nd     0.4471    18.4071     1.4059
   Pm    -0.3922    17.6991     1.4000
   Sm     0.4588    16.9912     1.3882
   Eu    -0.3922    16.2832     1.3824
   Gd     0.4706    13.9823     1.3765
   Tb    -0.3922    15.0442     1.3706
   Dy     0.4784    14.4248     1.3588
   Ho     0.4824    13.8053     1.3529
   Er     0.4863    13.2743     1.3471
   Tm     0.4902    12.7434     1.3353
   Yb    -0.3922    12.3009     1.3294
   Lu     0.3922    12.1239     1.3176
   Hf     0.5098     9.1150     1.3118
   Ta     0.5882     6.5487     1.3059
    W     0.6667     6.0177     1.2824
   Re     0.7451     5.4867     1.2706
   Os     0.8627     5.0442     1.2706
   Ir     0.8627     4.7788     1.2529
   Pt     0.8627     4.2478     1.2529
   Au     0.9412     3.1858     1.2588
   Hg     0.7451     3.0009     1.3118
   Tl     0.7059     4.4248     1.1529
   Pb     0.7059     4.1593     1.1882
   Bi     0.7451     4.2478     1.2176
   Po     0.7843     3.8938     1.1588
   At     0.8627     3.7168     1.1882
   Rn    -0.3922     3.0973     1.2941
   Fr     0.2745    28.1239     2.0471
   Ra     0.3529    21.7699     1.6647
   Ac     0.4314    17.9646     1.4529
   Th     0.5098    19.2035     1.4412
   Pa     0.5882    13.6283     1.4294
    U     0.6667    11.4159     1.4176
   Np     0.5098    13.3628     1.4059
   Pu     0.5098    11.6814     1.4294
   Am    -0.3922    11.5929     1.4353
   Cm    -0.3922    12.7434     1.4412
   Bk    -0.3922    11.0619     1.4353
   Cf    -0.3922    10.7965     1.4412
   Es    -0.3922    10.4425     1.4412
   Fm    -0.3922    10.0000     1.4412
   Md    -0.3922     9.6460     1.4471
   No    -0.3922     9.7345     1.4471
   Lr    -0.3922    28.3186     1.4471
   Rf    -0.3922     9.9115    -0.0059
   Db    -0.3922     3.7168    -0.0059
   Sg    -0.3922     3.5398    -0.0059
   Bh    -0.3922     3.3628    -0.0059
   Hs    -0.3922     3.1858    -0.0059
   Mt    -0.3922     3.0088    -0.0059
   Ds    -0.3922     2.8319    -0.0059
   Rg    -0.3922     2.8319    -0.0059
   Cn    -0.3922     2.4779    -0.0059
   Nh    -0.3922     2.5664    -0.0059
   Fl    -0.3922     2.7434    -0.0059
   Mc    -0.3922     6.2832    -0.0059
   Lv    -0.3922    -0.0885    -0.0059
 box=   4.9310000000000000        9.2100000000000009        14.186000000000000        82.829999999999998        79.989999999999995        74.469999999999999     
 replicate Cell as            5           3           2
 na0, na=          48        1440
 na0=          48   na=        1440
 sum=   3617882.8794078883       0.14285714285714285     
 ns=      244260
 replicate Cell as            5           3           2
 na0, na=          48        1440
 na0=          48   na=        1440
 sum=   10077426.673813850       0.14285714285714285     
 ns=      244260
 replicate Cell as            5           3           2
 na0, na=          48        1440
 na0=          48   na=        1440
 sum=   2593273.9651564886       0.14285714285714285     
 ns=      244260
