 ============
        LI      0.384314     14.523230      1.070588
        LI      0.384314     14.523230      1.070588
        LI      0.384314     14.523230      1.070588
        LI      0.384314     14.523230      1.070588
        TI      0.603922      8.849558      1.241176
        TI      0.603922      8.849558      1.241176
         V      0.639216      7.699115      1.217647
         V      0.639216      7.699115      1.217647
         O      1.349020      0.469027      0.894118
         O      1.349020      0.469027      0.894118
         O      1.349020      0.469027      0.894118
         O      1.349020      0.469027      0.894118
         O      1.349020      0.469027      0.894118
         O      1.349020      0.469027      0.894118
         O      1.349020      0.469027      0.894118
         O      1.349020      0.469027      0.894118
         O      1.349020      0.469027      0.894118
         O      1.349020      0.469027      0.894118
