 ============
        CR      0.650980      7.345133      1.211765
        CR      0.650980      7.345133      1.211765
        CR      0.650980      7.345133      1.211765
        CR      0.650980      7.345133      1.211765
        CR      0.650980      7.345133      1.211765
        CR      0.650980      7.345133      1.211765
        CR      0.650980      7.345133      1.211765
        CR      0.650980      7.345133      1.211765
         P      0.858824      2.212389      1.058824
         P      0.858824      2.212389      1.058824
         P      0.858824      2.212389      1.058824
         P      0.858824      2.212389      1.058824
         P      0.858824      2.212389      1.058824
         P      0.858824      2.212389      1.058824
         P      0.858824      2.212389      1.058824
         P      0.858824      2.212389      1.058824
         O      1.349020      0.469027      0.894118
         O      1.349020      0.469027      0.894118
         O      1.349020      0.469027      0.894118
         O      1.349020      0.469027      0.894118
         O      1.349020      0.469027      0.894118
         O      1.349020      0.469027      0.894118
         O      1.349020      0.469027      0.894118
         O      1.349020      0.469027      0.894118
         O      1.349020      0.469027      0.894118
         O      1.349020      0.469027      0.894118
         O      1.349020      0.469027      0.894118
         O      1.349020      0.469027      0.894118
         O      1.349020      0.469027      0.894118
         O      1.349020      0.469027      0.894118
         O      1.349020      0.469027      0.894118
         O      1.349020      0.469027      0.894118
         O      1.349020      0.469027      0.894118
         O      1.349020      0.469027      0.894118
         O      1.349020      0.469027      0.894118
         O      1.349020      0.469027      0.894118
         O      1.349020      0.469027      0.894118
         O      1.349020      0.469027      0.894118
         O      1.349020      0.469027      0.894118
         O      1.349020      0.469027      0.894118
         O      1.349020      0.469027      0.894118
         O      1.349020      0.469027      0.894118
         O      1.349020      0.469027      0.894118
         O      1.349020      0.469027      0.894118
         O      1.349020      0.469027      0.894118
         O      1.349020      0.469027      0.894118
         O      1.349020      0.469027      0.894118
         O      1.349020      0.469027      0.894118
