 ============
        BA      0.349020     24.070796      1.576471
        BA      0.349020     24.070796      1.576471
        BA      0.349020     24.070796      1.576471
        BA      0.349020     24.070796      1.576471
        CR      0.650980      7.345133      1.211765
        CR      0.650980      7.345133      1.211765
        CR      0.650980      7.345133      1.211765
        CR      0.650980      7.345133      1.211765
         F      1.560784      0.330973      0.864706
         F      1.560784      0.330973      0.864706
         F      1.560784      0.330973      0.864706
         F      1.560784      0.330973      0.864706
         F      1.560784      0.330973      0.864706
         F      1.560784      0.330973      0.864706
         F      1.560784      0.330973      0.864706
         F      1.560784      0.330973      0.864706
         F      1.560784      0.330973      0.864706
         F      1.560784      0.330973      0.864706
         F      1.560784      0.330973      0.864706
         F      1.560784      0.330973      0.864706
         F      1.560784      0.330973      0.864706
         F      1.560784      0.330973      0.864706
         F      1.560784      0.330973      0.864706
         F      1.560784      0.330973      0.864706
         F      1.560784      0.330973      0.864706
         F      1.560784      0.330973      0.864706
         F      1.560784      0.330973      0.864706
         F      1.560784      0.330973      0.864706
         F      1.560784      0.330973      0.864706
         F      1.560784      0.330973      0.864706
         F      1.560784      0.330973      0.864706
         F      1.560784      0.330973      0.864706
         F      1.560784      0.330973      0.864706
         F      1.560784      0.330973      0.864706
         F      1.560784      0.330973      0.864706
         F      1.560784      0.330973      0.864706
